Categories: 345
TotSamples: 414000
trainingSamples: 800
batchSize: 64
optimizerName: SGD
modelName: ResNet
actFnName: relu
learningRate: 0.1
weightDeacy: 0.0001
epochs: 70


ResNet Results {'test_acc': 0.6761594414710999, 'val_acc': 0.6761594414710999}