Categories: 345
TotSamples: 552000
trainingSamples: 800
batchSize: 64
optimizerName: SGD
modelName: ResNet
actFnName: relu
learningRate: 0.1
weightDeacy: 0.0001
epochs: 40

ResNet Results {'test_acc': 0.6724275350570679, 'val_acc': 0.6726232171058655}